timestamp,open,close,high,low,volume
2020-10-03 02-00-00,181935.0,182907.0,182987.0,181383.0,152.826644
2020-10-04 02-00-00,182907.0,184085.0,185490.0,182501.0,96.725947
2020-10-05 02-00-00,184301.0,185097.0,185450.0,183504.0,464.207696
2020-10-06 02-00-00,185097.0,183797.0,185750.0,182431.0,543.199997
2020-10-07 02-00-00,183797.0,184437.0,184765.0,182337.0,428.015605
2020-10-08 02-00-00,184398.0,188689.0,189275.0,183501.0,589.654974
2020-10-09 02-00-00,188689.0,189901.0,190642.0,186657.0,490.666084
2020-10-10 02-00-00,189902.0,193968.0,195500.0,189901.0,341.012485
2020-10-11 02-00-00,193969.0,194833.0,195500.0,193484.0,151.121273
2020-10-12 02-00-00,194989.0,199599.0,202399.0,193500.0,419.092073
2020-10-13 02-00-00,199599.0,196988.0,200352.0,196256.0,448.319317
2020-10-14 02-00-00,196987.0,196819.0,199026.0,195109.0,607.401275
2020-10-15 02-00-00,196819.0,198737.0,200773.0,195915.0,507.102028
2020-10-16 02-00-00,198740.0,195762.0,199498.0,195000.0,454.117487
2020-10-17 02-00-00,195836.0,195913.0,196480.0,195000.0,196.937384
2020-10-18 02-00-00,195913.0,197040.0,197493.0,195784.0,104.110667
2020-10-19 02-00-00,197099.0,198999.0,200000.0,195950.0,429.706302
2020-10-20 02-00-00,199000.0,201327.0,202799.0,197572.0,504.330452
2020-10-21 02-00-00,201235.0,210650.0,214998.0,198715.0,851.927849
2020-10-22 02-00-00,211453.0,216813.0,218995.0,210501.0,560.522429
2020-10-23 02-00-00,216801.0,217950.0,218698.0,215188.0,489.260582
2020-10-24 02-00-00,217695.0,219999.0,220550.0,217301.0,327.938726
2020-10-25 02-00-00,220000.0,219123.0,222000.0,217400.0,241.353141
2020-10-26 02-00-00,219123.0,220249.0,223499.0,218000.0,595.738172
2020-10-27 02-00-00,220260.0,228100.0,230000.0,218100.0,827.919937
2020-10-28 02-00-00,228325.0,222853.0,232000.0,218010.0,900.321031
2020-10-29 02-00-00,222751.0,226924.0,229578.0,221392.0,768.062565
2020-10-30 02-00-00,226501.0,227764.0,228996.0,223084.0,570.94331
2020-10-31 02-00-00,227763.0,231860.0,233623.0,225500.0,554.641521
2020-11-01 02-00-00,231783.0,230498.0,233033.0,229501.0,343.989317
2020-11-02 02-00-00,230499.0,228345.0,232000.0,225000.0,728.147212
2020-11-03 02-00-00,228514.0,232711.0,232987.0,226000.0,828.456371
2020-11-04 02-00-00,232717.0,232799.0,234500.0,229003.0,916.458304
2020-11-05 02-00-00,232776.0,247833.0,250000.0,231500.0,1224.679176
2020-11-06 02-00-00,248314.0,252448.0,257999.0,244000.0,985.919578
2020-11-07 02-00-00,252448.0,241115.0,254665.0,233401.0,830.277291
2020-11-08 02-00-00,241328.0,252212.0,254604.0,239815.0,472.651659
2020-11-09 02-00-00,252212.0,248438.0,255999.0,241011.0,946.44208
2020-11-10 02-00-00,248438.0,248768.0,252800.0,246519.0,784.396726
2020-11-11 02-00-00,248769.0,255571.0,258666.0,248463.0,799.545955
2020-11-12 02-00-00,255410.0,264483.0,264899.0,250001.0,859.598366
2020-11-13 02-00-00,264223.0,263988.0,266655.0,261001.0,660.101309
2020-11-14 02-00-00,263988.0,261440.0,264050.0,256000.0,409.313276
2020-11-15 02-00-00,261488.0,260154.0,262099.0,258399.0,201.043481
2020-11-16 02-00-00,260155.0,265851.0,267500.0,259301.0,622.000577
2020-11-17 02-00-00,265602.0,282634.0,286140.0,264400.0,1057.048228
2020-11-18 02-00-00,282634.0,283938.0,293500.0,278000.0,1170.95602
2020-11-19 02-00-00,284162.0,285011.0,290687.0,280099.0,816.890204
2020-11-20 02-00-00,284791.0,297052.0,297752.0,283889.0,806.72281
2020-11-21 02-00-00,297416.0,297597.0,299999.0,293825.0,552.576249
2020-11-22 02-00-00,297911.0,293768.0,298500.0,280500.0,679.690496
2020-11-23 02-00-00,293998.0,293912.0,297393.0,287227.0,777.816361
2020-11-24 02-00-00,293631.0,302532.0,308500.0,290700.0,1048.941937
2020-11-25 02-00-00,302543.0,295198.0,307200.0,292152.0,786.428936
2020-11-26 02-00-00,295198.0,271497.0,297948.0,240000.0,1670.033631
2020-11-27 02-00-00,271497.0,270800.0,276000.0,264100.0,714.150558
2020-11-28 02-00-00,271002.0,281497.0,283000.0,265500.0,496.131457
2020-11-29 02-00-00,281446.0,287908.0,290200.0,278713.0,350.064436
2020-11-30 02-00-00,288291.0,307151.0,309998.0,288291.0,965.537877
2020-12-01 02-00-00,307990.0,296126.0,309999.0,290000.0,982.979346
2020-12-02 02-00-00,295763.0,302336.0,304900.0,290233.0,750.720311
2020-12-03 02-00-00,302701.0,303517.0,305675.0,298100.0,543.835222
2020-12-04 02-00-00,303517.0,294148.0,304778.0,294006.0,587.951918
2020-12-05 02-00-00,294148.0,300550.0,301151.0,293000.0,257.614505
2020-12-06 02-00-00,300549.0,302524.0,302800.0,298500.0,218.754323
2020-12-07 02-00-00,301757.0,301302.0,303000.0,298002.0,483.464122
2020-12-08 02-00-00,300931.0,284904.0,302185.0,284504.0,654.502258
2020-12-09 02-00-00,284538.0,287595.0,289101.0,275100.0,885.160529
2020-12-10 02-00-00,288040.0,283500.0,288040.0,281000.0,609.749687
2020-12-11 02-00-00,283723.0,284710.0,284900.0,276391.0,773.756534
2020-12-12 02-00-00,284696.0,295784.0,297250.0,284175.0,324.241516
2020-12-13 02-00-00,296132.0,298340.0,302500.0,295000.0,361.922688
2020-12-14 02-00-00,297643.0,298779.0,300947.0,296327.0,447.323619
2020-12-15 02-00-00,299295.0,300324.0,302500.0,297000.0,633.860619
2020-12-16 02-00-00,300196.0,311000.0,314000.0,298501.0,689.049828
2020-12-17 02-00-00,311000.0,340376.0,355000.0,309002.0,1489.875708
2020-12-18 02-00-00,341971.0,348200.0,351390.0,337099.0,803.360141
2020-12-19 02-00-00,348201.0,360537.0,364900.0,345592.0,561.104848
2020-12-20 02-00-00,360074.0,357941.0,364993.0,351144.0,411.132666
2020-12-21 02-00-00,357284.0,351001.0,368000.0,345028.0,837.159339
2020-12-22 02-00-00,350985.0,362686.0,363000.0,347011.0,833.871153
2020-12-23 02-00-00,362687.0,353853.0,365342.0,346000.0,841.358237
2020-12-24 02-00-00,354596.0,358949.0,360020.0,347001.0,600.04427
2020-12-25 02-00-00,359417.0,370058.0,371000.0,355324.0,435.383201
2020-12-26 02-00-00,370124.0,397276.0,399933.0,367761.0,534.385211
2020-12-27 02-00-00,397275.0,387085.0,425000.0,382000.0,902.466525
2020-12-28 02-00-00,387084.0,413168.0,416005.0,386700.0,614.210856
2020-12-29 02-00-00,412358.0,419299.0,419600.0,400005.0,756.777039
2020-12-30 02-00-00,419299.0,438799.0,439222.0,417806.0,796.125365
2020-12-31 02-00-00,438798.0,443032.0,444550.0,431000.0,698.872108
2021-01-01 02-00-00,443031.0,446240.0,449222.0,440003.0,350.759182
2021-01-02 02-00-00,446259.0,482664.0,499980.0,442000.0,1104.391253
2021-01-03 02-00-00,482663.0,489034.0,514000.0,475000.0,826.876175
2021-01-04 02-00-00,489194.0,484356.0,502000.0,415002.0,1198.292942
2021-01-05 02-00-00,484327.0,509958.0,513500.0,449999.0,1160.54617
2021-01-06 02-00-00,511197.0,571251.0,572500.0,501000.0,1130.179213
2021-01-07 02-00-00,569507.0,624020.0,644900.0,542350.0,1590.656269
2021-01-08 02-00-00,624145.0,643796.0,656833.0,582694.0,1093.530363
2021-01-09 02-00-00,642254.0,637050.0,652999.0,620000.0,527.654618
2021-01-10 02-00-00,636560.0,604400.0,652400.0,555555.0,1044.728982
2021-01-11 02-00-00,606832.0,516000.0,606832.0,450001.0,2576.063825
2021-01-12 02-00-00,515999.0,536778.0,587000.0,500000.0,1373.108796
2021-01-13 02-00-00,535508.0,587000.0,590000.0,508987.0,997.997578
2021-01-14 02-00-00,585639.0,614326.0,625786.0,569997.0,993.870797
2021-01-15 02-00-00,614329.0,586076.0,623575.0,545100.0,1068.824621
2021-01-16 02-00-00,586082.0,574000.0,599999.0,562500.0,525.034018
2021-01-17 02-00-00,573667.0,567652.0,582499.0,541500.0,429.950572
2021-01-18 02-00-00,567652.0,578114.0,595000.0,555011.0,545.630261
2021-01-19 02-00-00,578118.0,563000.0,590934.0,562982.0,670.361509
2021-01-20 02-00-00,562983.0,549362.0,568922.0,521000.0,869.480518
2021-01-21 02-00-00,549169.0,477600.0,550757.0,469849.0,1227.983529
2021-01-22 02-00-00,479460.0,518500.0,531886.0,450001.0,904.723897
2021-01-23 02-00-00,517674.0,504925.0,530000.0,492000.0,427.605732
2021-01-24 02-00-00,504646.0,504498.0,519841.0,490000.0,353.093556
2021-01-25 02-00-00,504430.0,515106.0,547900.0,503018.0,744.493087
2021-01-26 02-00-00,515105.0,510000.0,524350.0,491000.0,749.133831
2021-01-27 02-00-00,510000.0,481441.0,510002.0,465465.0,867.697215
2021-01-28 02-00-00,483069.0,513981.0,515550.0,475423.0,547.906899
2021-01-29 02-00-00,511998.0,533528.0,585000.0,500000.0,1363.170938
2021-01-30 02-00-00,533538.0,531871.0,543145.0,515193.0,544.847011
2021-01-31 02-00-00,530501.0,519778.0,533000.0,505010.0,405.690694
2021-02-01 02-00-00,519002.0,523734.0,541324.0,508020.0,695.48462
2021-02-02 02-00-00,523746.0,546522.0,555555.0,522501.0,620.518214
2021-02-03 02-00-00,545474.0,576924.0,576924.0,545331.0,628.107421
2021-02-04 02-00-00,575713.0,575316.0,595999.0,564999.0,650.405314
2021-02-05 02-00-00,574946.0,588708.0,589800.0,572555.0,400.794286
2021-02-06 02-00-00,588752.0,597246.0,620000.0,587615.0,603.843928
2021-02-07 02-00-00,597229.0,598000.0,610000.0,577999.0,466.196085
2021-02-08 02-00-00,598000.0,692965.0,695000.0,584998.0,1020.290324
2021-02-09 02-00-00,692972.0,700000.0,739369.0,675008.0,1004.611477
2021-02-10 02-00-00,700407.0,684307.0,715999.0,669000.0,681.639828
2021-02-11 02-00-00,682861.0,712892.0,715000.0,670500.0,517.00914
2021-02-12 02-00-00,712883.0,702064.0,720000.0,695051.0,458.544108
2021-02-13 02-00-00,702427.0,706105.0,709999.0,698201.0,302.488158
2021-02-14 02-00-00,706097.0,722295.0,729823.0,704220.0,363.264983
2021-02-15 02-00-00,722292.0,713009.0,727338.0,691003.0,518.82675
2021-02-16 02-00-00,713059.0,740677.0,755000.0,706236.0,630.560221
2021-02-17 02-00-00,739876.0,782038.0,789448.0,737121.0,629.642599
2021-02-18 02-00-00,784000.0,777162.0,791590.0,771213.0,419.53301
2021-02-19 02-00-00,776874.0,840489.0,845403.0,772008.0,666.700963
2021-02-20 02-00-00,840486.0,865850.0,877677.0,835116.0,555.995227
2021-02-21 02-00-00,865851.0,881045.0,885000.0,858223.0,328.543289
2021-02-22 02-00-00,880205.0,820658.0,881003.0,730888.0,1325.337684
2021-02-23 02-00-00,820274.0,736493.0,820889.0,685000.0,1513.522563
2021-02-24 02-00-00,735258.0,752982.0,800000.0,710002.0,743.0207
2021-02-25 02-00-00,752984.0,742002.0,795000.0,732099.0,596.141191
2021-02-26 02-00-00,740965.0,725730.0,759997.0,690010.0,648.478629
2021-02-27 02-00-00,725730.0,723978.0,755001.0,709185.0,362.375076
2021-02-28 02-00-00,722107.0,700699.0,731509.0,680000.0,461.605909
2021-03-01 02-00-00,700945.0,764353.0,766932.0,698688.0,482.187287
2021-03-02 02-00-00,764352.0,748514.0,770679.0,726020.0,438.664375
2021-03-03 02-00-00,748514.0,779147.0,800000.0,744028.0,494.709429
2021-03-04 02-00-00,776927.0,762952.0,793874.0,750000.0,432.138353
2021-03-05 02-00-00,762251.0,762542.0,777000.0,735000.0,390.077086
2021-03-06 02-00-00,762951.0,767912.0,771000.0,749500.0,228.531783
2021-03-07 02-00-00,767982.0,783500.0,789789.0,765498.0,245.781305
2021-03-08 02-00-00,784029.0,820776.0,820897.0,770000.0,401.075803
2021-03-09 02-00-00,820774.0,850000.0,859500.0,811420.0,400.693256
2021-03-10 02-00-00,846422.0,860261.0,878826.0,825876.0,413.531404
2021-03-11 02-00-00,861997.0,878428.0,883103.0,841199.0,427.841233
2021-03-12 02-00-00,878388.0,878408.0,882801.0,850211.0,423.317545
2021-03-13 02-00-00,877675.0,912451.0,923997.0,864166.0,393.218246
2021-03-14 02-00-00,913998.0,897916.0,919898.0,897913.0,231.666906
2021-03-15 02-00-00,897907.0,861000.0,917350.0,842347.0,605.112579
2021-03-16 02-00-00,861000.0,875100.0,875100.0,828970.0,507.033685
2021-03-17 02-00-00,876000.0,888000.0,890000.0,843256.0,447.032955
2021-03-18 02-00-00,890000.0,869137.0,899227.0,840000.0,569.012676
2021-03-19 02-00-00,869082.0,871564.0,890000.0,850000.0,382.546926
2021-03-20 02-00-00,870813.0,863500.0,882457.0,852000.0,372.05465
2021-03-21 02-00-00,863522.0,853001.0,874000.0,830120.0,279.319797
2021-03-22 02-00-00,853229.0,816033.0,863947.0,808808.0,348.606318
2021-03-23 02-00-00,816001.0,811570.0,835002.0,780100.0,455.966486
2021-03-24 02-00-00,807360.0,813142.0,869239.0,761000.0,611.620624
2021-03-25 02-00-00,813001.0,791400.0,819000.0,771000.0,623.192566
2021-03-26 02-00-00,792376.0,844998.0,844998.0,780000.0,448.157748
2021-03-27 02-00-00,844998.0,840000.0,850000.0,804640.0,360.74424
2021-03-28 02-00-00,840336.0,838579.0,848996.0,820002.0,290.306674
2021-03-29 02-00-00,838944.0,861000.0,865948.0,825777.0,467.82681
2021-03-30 02-00-00,860276.0,887000.0,890001.0,837014.0,496.031626
2021-03-31 02-00-00,887091.0,883401.0,906250.0,867780.0,428.612763
2021-04-01 02-00-00,883406.0,886000.0,897308.0,880000.0,337.786907
2021-04-02 02-00-00,886001.0,888692.0,898992.0,883000.0,237.557051
2021-04-03 02-00-00,888721.0,888009.0,899434.0,885000.0,219.489679
2021-04-04 02-00-00,888005.0,883600.0,893999.0,876002.0,156.029719
2021-04-05 02-00-00,883609.0,883000.0,894699.0,867499.0,304.343161
2021-04-06 02-00-00,883347.0,870522.0,887983.0,866677.0,374.813668
2021-04-07 02-00-00,870477.0,848618.0,882695.0,845257.0,550.186105
2021-04-08 02-00-00,848447.0,875254.0,876700.0,846050.0,354.248072
2021-04-09 02-00-00,875240.0,875468.0,886500.0,872002.0,298.582875
2021-04-10 02-00-00,875466.0,897195.0,909788.0,873539.0,444.032186
2021-04-11 02-00-00,897195.0,902928.0,905000.0,891500.0,256.708687
2021-04-12 02-00-00,902909.0,905501.0,922999.0,899791.0,341.40254
2021-04-13 02-00-00,905501.0,954308.0,958890.0,905100.0,623.672763
2021-04-14 02-00-00,954810.0,941983.0,979099.0,922000.0,649.635914
2021-04-15 02-00-00,942998.0,933049.0,949999.0,929000.0,360.950351
2021-04-16 02-00-00,932877.0,914568.0,936675.0,900000.0,506.125947
2021-04-17 02-00-00,914548.0,908001.0,932257.0,908000.0,243.898948
2021-04-18 02-00-00,908001.0,855440.0,913752.0,803333.0,701.451891
2021-04-19 02-00-00,855231.0,834974.0,873038.0,815200.0,430.373919
2021-04-20 02-00-00,834602.0,833920.0,846300.0,811051.0,520.062004
2021-04-21 02-00-00,833536.0,795201.0,838315.0,790000.0,426.860334
2021-04-22 02-00-00,793919.0,765939.0,816000.0,741170.0,657.946007
2021-04-23 02-00-00,765393.0,762028.0,776000.0,700100.0,869.648583
2021-04-24 02-00-00,761050.0,747714.0,765188.0,731265.0,253.304749
2021-04-25 02-00-00,747714.0,735290.0,753000.0,706565.0,269.394491
2021-04-26 02-00-00,736508.0,806602.0,812994.0,732231.0,511.276366
2021-04-27 02-00-00,806602.0,819148.0,831000.0,793736.0,326.960869
2021-04-28 02-00-00,819142.0,808723.0,828000.0,797518.0,337.534744
2021-04-29 02-00-00,808999.0,791848.0,819999.0,776887.0,378.392987
2021-04-30 02-00-00,792044.0,856011.0,857684.0,785537.0,384.390783
2021-05-01 02-00-00,856210.0,856959.0,867900.0,848000.0,182.618389
2021-05-02 02-00-00,856959.0,839054.0,859000.0,834500.0,154.961516
2021-05-03 02-00-00,839550.0,845999.0,872888.0,837737.0,344.836977
2021-05-04 02-00-00,845854.0,805123.0,847845.0,805000.0,464.211842
2021-05-05 02-00-00,805131.0,848721.0,855000.0,801001.0,397.518238
2021-05-06 02-00-00,848520.0,832187.0,859000.0,817165.0,405.695899
2021-05-07 02-00-00,832328.0,835608.0,854000.0,820101.0,327.348782
2021-05-08 02-00-00,835607.0,859276.0,868000.0,831413.0,283.002496
2021-05-09 02-00-00,859278.0,851019.0,863288.0,830266.0,220.978861
2021-05-10 02-00-00,851020.0,829999.0,867140.0,805100.0,484.026833
2021-05-11 02-00-00,829755.0,823453.0,839770.0,810000.0,463.670868
2021-05-12 02-00-00,823706.0,736301.0,844950.0,720000.0,539.045432
2021-05-13 02-00-00,736304.0,720398.0,783990.0,670000.0,1006.417227
2021-05-14 02-00-00,720414.0,737350.0,761013.0,712619.0,491.092425
2021-05-15 02-00-00,736675.0,692700.0,747900.0,690734.0,427.242308
2021-05-16 02-00-00,692698.0,687382.0,735444.0,650000.0,509.44495
2021-05-17 02-00-00,687281.0,637040.0,689685.0,608616.0,786.521708
2021-05-18 02-00-00,637788.0,622635.0,668702.0,615271.0,603.109759
2021-05-19 02-00-00,623475.0,538518.0,632650.0,403369.0,2232.340743
2021-05-20 02-00-00,538513.0,590166.0,629876.0,515000.0,1057.049352
2021-05-21 02-00-00,593028.0,545078.0,615000.0,489999.0,947.412904
2021-05-22 02-00-00,546178.0,546944.0,567915.0,515000.0,469.654602
2021-05-23 02-00-00,546811.0,511847.0,558999.0,455681.0,770.765446
2021-05-24 02-00-00,511791.0,563756.0,580000.0,506768.0,778.990876
2021-05-25 02-00-00,563998.0,549277.0,576819.0,528100.0,700.488386
2021-05-26 02-00-00,548001.0,560840.0,584765.0,540000.0,550.506747
2021-05-27 02-00-00,560845.0,547487.0,574999.0,533000.0,498.699128
2021-05-28 02-00-00,547485.0,509658.0,553081.0,496197.0,645.272553
2021-05-29 02-00-00,509767.0,499507.0,533000.0,485286.0,403.015518
2021-05-30 02-00-00,499396.0,513714.0,525000.0,483000.0,382.641083
2021-05-31 02-00-00,513158.0,532122.0,536000.0,494301.0,503.353932
2021-06-01 02-00-00,531898.0,522476.0,538250.0,510000.0,456.951757
2021-06-02 02-00-00,522425.0,525400.0,535900.0,510101.0,376.148729
2021-06-03 02-00-00,525277.0,551395.0,553647.0,520996.0,389.446749
2021-06-04 02-00-00,551388.0,513381.0,551716.0,501000.0,499.365139
2021-06-05 02-00-00,513379.0,500385.0,528000.0,490490.0,275.979131
2021-06-06 02-00-00,500053.0,501674.0,514228.0,497501.0,211.93074
2021-06-07 02-00-00,501569.0,469958.0,513432.0,467014.0,504.32407
2021-06-08 02-00-00,469983.0,469202.0,490000.0,437001.0,662.89758
2021-06-09 02-00-00,468346.0,525583.0,528899.0,453599.0,641.252787
2021-06-10 02-00-00,525586.0,514376.0,538312.0,501002.0,379.538227
2021-06-11 02-00-00,514658.0,526600.0,529250.0,504506.0,293.600658
2021-06-12 02-00-00,526366.0,500292.0,528283.0,495002.0,256.265582
2021-06-13 02-00-00,501572.0,544539.0,549500.0,492501.0,282.875454
2021-06-14 02-00-00,545411.0,574426.0,579999.0,540501.0,417.363464
2021-06-15 02-00-00,574727.0,569898.0,584999.0,560250.0,333.26236
2021-06-16 02-00-00,569281.0,551651.0,574748.0,545051.0,345.628853
2021-06-17 02-00-00,552335.0,551176.0,571235.0,544007.0,295.093893
2021-06-18 02-00-00,551571.0,528412.0,553419.0,519480.0,357.785405
2021-06-19 02-00-00,528298.0,527199.0,538000.0,515001.0,220.230662
2021-06-20 02-00-00,526220.0,526558.0,537000.0,496000.0,300.246491
2021-06-21 02-00-00,525695.0,462219.0,527780.0,456835.0,648.451501
2021-06-22 02-00-00,462219.0,469728.0,484001.0,420000.0,726.542838
2021-06-23 02-00-00,470230.0,490026.0,511245.0,460317.0,401.738951
2021-06-24 02-00-00,489772.0,500251.0,511390.0,472384.0,338.993007
2021-06-25 02-00-00,500250.0,461647.0,510000.0,458119.0,362.019341
2021-06-26 02-00-00,461201.0,468099.0,477234.0,441003.0,304.759372
2021-06-27 02-00-00,468226.0,499255.0,499599.0,465016.0,218.760591
2021-06-28 02-00-00,499548.0,504365.0,508929.0,486161.0,301.018287
2021-06-29 02-00-00,504999.0,524041.0,550000.0,502500.0,383.804455
2021-06-30 02-00-00,524041.0,509804.0,525748.0,498500.0,325.071094
2021-07-01 02-00-00,509865.0,494050.0,510884.0,483320.0,306.155445
2021-07-02 02-00-00,494050.0,494720.0,500000.0,482800.0,281.438718
2021-07-03 02-00-00,493430.0,504834.0,510000.0,486951.0,183.55715
2021-07-04 02-00-00,504834.0,508001.0,517900.0,500852.0,143.208412
2021-07-05 02-00-00,508000.0,495000.0,508000.0,487123.0,264.632374
2021-07-06 02-00-00,494674.0,499769.0,512388.0,493039.0,310.702408
2021-07-07 02-00-00,499967.0,495000.0,511000.0,495000.0,396.672314
2021-07-08 02-00-00,495001.0,478939.0,496201.0,475000.0,459.247836
2021-07-09 02-00-00,478953.0,491100.0,495000.0,470589.0,361.508113
2021-07-10 02-00-00,491099.0,490602.0,499511.0,485003.0,185.191945
2021-07-11 02-00-00,491085.0,498091.0,504426.0,488263.0,142.555445
2021-07-12 02-00-00,498799.0,490007.0,505099.0,483083.0,276.682584
2021-07-13 02-00-00,489397.0,493084.0,498683.0,485147.0,295.025616
2021-07-14 02-00-00,493218.0,487144.0,494249.0,478285.0,262.38003
2021-07-15 02-00-00,486973.0,475500.0,492539.0,466001.0,315.222412
2021-07-16 02-00-00,475679.0,465206.0,477855.0,458235.0,243.961562
2021-07-17 02-00-00,464603.0,466749.0,473950.0,461234.0,208.382841
2021-07-18 02-00-00,466001.0,470302.0,478916.0,462400.0,176.077431
2021-07-19 02-00-00,470302.0,460182.0,473700.0,453841.0,260.268571
2021-07-20 02-00-00,459856.0,446564.0,462813.0,437482.0,443.973344
2021-07-21 02-00-00,446911.0,478598.0,488799.0,442672.0,374.198449
2021-07-22 02-00-00,478783.0,487729.0,494270.0,472066.0,272.785998
2021-07-23 02-00-00,487710.0,508061.0,508368.0,485682.0,290.594292
2021-07-24 02-00-00,508100.0,519701.0,523331.0,496253.0,236.055178
2021-07-25 02-00-00,519738.0,532173.0,532379.0,513855.0,255.240648
2021-07-26 02-00-00,532466.0,562965.0,612082.0,528260.0,659.642498
2021-07-27 02-00-00,562715.0,594343.0,594343.0,550100.0,378.853084
2021-07-28 02-00-00,594895.0,601730.0,619553.0,587594.0,477.927153
2021-07-29 02-00-00,601732.0,594398.0,609786.0,585300.0,326.015795
2021-07-30 02-00-00,594400.0,624420.0,625000.0,570555.0,371.627959
2021-07-31 02-00-00,624459.0,618500.0,627002.0,608754.0,202.635279
2021-08-01 02-00-00,618500.0,600170.0,632000.0,595000.0,228.37523
2021-08-02 02-00-00,599740.0,582940.0,609000.0,575500.0,311.432292
2021-08-03 02-00-00,582535.0,560539.0,588869.0,555000.0,344.480353
2021-08-04 02-00-00,560352.0,582826.0,588984.0,548085.0,386.290903
2021-08-05 02-00-00,582835.0,606009.0,618500.0,556775.0,423.929248
2021-08-06 02-00-00,606352.0,638245.0,645600.0,592404.0,351.090948
2021-08-07 02-00-00,638193.0,657154.0,668962.0,627003.0,342.257367
2021-08-08 02-00-00,657299.0,656791.0,671221.0,647001.0,241.615282
2021-08-09 02-00-00,657444.0,692109.0,694650.0,643819.0,287.543828
2021-08-10 02-00-00,691678.0,688831.0,697998.0,675350.0,300.745383
2021-08-11 02-00-00,689000.0,687980.0,706022.0,685000.0,359.334226
2021-08-12 02-00-00,687058.0,669353.0,699000.0,660075.0,353.3886
2021-08-13 02-00-00,669721.0,715257.0,718888.0,668001.0,343.393565
2021-08-14 02-00-00,715256.0,709240.0,724000.0,699999.0,238.263855
2021-08-15 02-00-00,708349.0,703820.0,713073.0,686000.0,233.285221
2021-08-16 02-00-00,703820.0,702322.0,722000.0,698000.0,299.043644
2021-08-17 02-00-00,702185.0,690475.0,714989.0,687001.0,339.66411
2021-08-18 02-00-00,688934.0,688231.0,705000.0,682493.0,304.03509
2021-08-19 02-00-00,686960.0,726128.0,730000.0,680372.0,374.235236
2021-08-20 02-00-00,726151.0,765924.0,768500.0,724986.0,352.059189
2021-08-21 02-00-00,765313.0,761726.0,775200.0,756224.0,246.045227
2021-08-22 02-00-00,761717.0,769471.0,772904.0,755000.0,194.165975
2021-08-23 02-00-00,769177.0,769157.0,786000.0,761999.0,298.227537
2021-08-24 02-00-00,766794.0,733891.0,776786.0,730865.0,317.265526
2021-08-25 02-00-00,733837.0,754000.0,757699.0,722589.0,294.834837
2021-08-26 02-00-00,753105.0,722000.0,757689.0,713011.0,335.848156
2021-08-27 02-00-00,721001.0,744387.0,746442.0,715006.0,253.961643
2021-08-28 02-00-00,744996.0,746596.0,752000.0,737566.0,115.38537
2021-08-29 02-00-00,746464.0,740058.0,754863.0,727964.0,110.316818
2021-08-30 02-00-00,740070.0,713023.0,741889.0,713013.0,267.593429
2021-08-31 02-00-00,713579.0,704342.0,725000.0,700000.0,335.132892
2021-09-01 02-00-00,704201.0,719204.0,724982.0,695950.0,303.829037
2021-09-02 02-00-00,719202.0,730047.0,748000.0,700000.0,366.760221
2021-09-03 02-00-00,730047.0,740295.0,753975.0,716090.0,347.066178
2021-09-04 02-00-00,739849.0,742835.0,750745.0,733501.0,140.376197
2021-09-05 02-00-00,741645.0,761968.0,764000.0,737394.0,134.060495
2021-09-06 02-00-00,761980.0,777416.0,779018.0,757000.0,276.806726
2021-09-07 02-00-00,777417.0,699750.0,782725.0,680000.0,688.93554
2021-09-08 02-00-00,700787.0,685841.0,708800.0,659952.0,509.472421
2021-09-09 02-00-00,685362.0,688564.0,705000.0,680000.0,418.158242
2021-09-10 02-00-00,688734.0,666205.0,697000.0,656222.0,403.986152
2021-09-11 02-00-00,665154.0,675751.0,688997.0,664366.0,155.979803
2021-09-12 02-00-00,675951.0,690998.0,695483.0,670882.0,121.172739
2021-09-13 02-00-00,691820.0,666166.0,696583.0,650001.0,472.008002
2021-09-14 02-00-00,665861.0,701330.0,702099.0,660000.0,357.152938
2021-09-15 02-00-00,701332.0,716683.0,725985.0,690998.0,338.697029
2021-09-16 02-00-00,717110.0,719300.0,729077.0,709066.0,314.679857
2021-09-17 02-00-00,719428.0,717117.0,725000.0,711020.0,253.452426
2021-09-18 02-00-00,717660.0,734617.0,739914.0,715446.0,153.46797
2021-09-19 02-00-00,734620.0,721912.0,735932.0,716480.0,130.475265
2021-09-20 02-00-00,722884.0,658998.0,724445.0,651529.0,499.299519
2021-09-21 02-00-00,659131.0,623555.0,673734.0,608467.0,488.913478
2021-09-22 02-00-00,624735.0,661694.0,665900.0,623453.0,378.471224
2021-09-23 02-00-00,661686.0,676404.0,680502.0,654400.0,251.930302
2021-09-24 02-00-00,677922.0,656691.0,690000.0,630011.0,259.304508
2021-09-25 02-00-00,656644.0,657315.0,660174.0,641685.0,222.054929
2021-09-26 02-00-00,657612.0,660030.0,671957.0,631122.0,221.670806
2021-09-27 02-00-00,659640.0,651101.0,677685.0,651101.0,268.918278
2021-09-28 02-00-00,651110.0,633462.0,660499.0,633000.0,305.593504
2021-09-29 02-00-00,633848.0,647228.0,658021.0,631202.0,273.951801
2021-09-30 02-00-00,647229.0,675000.0,682000.0,644962.0,295.303699
2021-10-01 02-00-00,675398.0,730467.0,736500.0,669003.0,369.408571
2021-10-02 02-00-00,732183.0,726800.0,735860.0,720521.0,168.379775
2021-10-03 02-00-00,726800.0,732171.0,746951.0,719970.0,177.628581
2021-10-04 02-00-00,732120.0,748262.0,757000.0,721501.0,291.39322
2021-10-05 02-00-00,749409.0,784119.0,790528.0,748006.0,328.745637
2021-10-06 02-00-00,783126.0,833686.0,848848.0,775991.0,449.857714
2021-10-07 02-00-00,833000.0,814942.0,840000.0,812000.0,332.104226
2021-10-08 02-00-00,815016.0,824350.0,848461.0,814938.0,281.209543
2021-10-09 02-00-00,824350.0,838659.0,846893.0,823203.0,265.109799
2021-10-10 02-00-00,838276.0,836532.0,859000.0,828653.0,291.401585
2021-10-11 02-00-00,836976.0,875101.0,880900.0,835000.0,336.049287
2021-10-12 02-00-00,876002.0,858000.0,883388.0,829918.0,346.610887
2021-10-13 02-00-00,857717.0,866751.0,873001.0,828422.0,304.447054
2021-10-14 02-00-00,866752.0,866014.0,882099.0,860055.0,297.842933
2021-10-15 02-00-00,866543.0,921100.0,935500.0,861621.0,544.129242
2021-10-16 02-00-00,921949.0,912296.0,936500.0,903401.0,706.023488
2021-10-17 02-00-00,911502.0,922004.0,924500.0,896400.0,572.194357
2021-10-18 02-00-00,923616.0,933250.0,939554.0,911001.0,323.343214
2021-10-19 02-00-00,932274.0,951919.0,954830.0,921934.0,332.774629
2021-10-20 02-00-00,952000.0,968500.0,988798.0,940000.0,324.039034
2021-10-21 02-00-00,968502.0,938857.0,988560.0,935000.0,427.971969
2021-10-22 02-00-00,938118.0,919492.0,956500.0,906074.0,331.137599
2021-10-23 02-00-00,919503.0,923024.0,933073.0,906057.0,159.497004
2021-10-24 02-00-00,923069.0,920937.0,927592.0,900000.0,152.509703
2021-10-25 02-00-00,920938.0,947065.0,959000.0,918002.0,216.681558
2021-10-26 02-00-00,947607.0,915000.0,951534.0,909909.0,249.992797
2021-10-27 02-00-00,915229.0,901101.0,932999.0,890001.0,342.359136
2021-10-28 02-00-00,901101.0,929297.0,955000.0,899000.0,336.809479
2021-10-29 02-00-00,932331.0,956300.0,964099.0,929000.0,217.897952
2021-10-30 02-00-00,956999.0,955599.0,961745.0,943273.0,120.059106
2021-10-31 02-00-00,955598.0,946119.0,961000.0,932401.0,130.424675
2021-11-01 02-00-00,946009.0,952800.0,964315.0,928445.0,191.829756
2021-11-02 02-00-00,952801.0,972000.0,980999.0,949000.0,238.437285
2021-11-03 02-00-00,971998.0,978481.0,989998.0,960654.0,295.140621
2021-11-04 02-00-00,977743.0,953562.0,979909.0,944000.0,245.805928
2021-11-05 02-00-00,953638.0,946398.0,972092.0,938700.0,191.862245
2021-11-06 02-00-00,943746.0,950000.0,954690.0,936000.0,102.756427
2021-11-07 02-00-00,949998.0,975608.0,975608.0,947201.0,109.188467
2021-11-08 02-00-00,975607.0,1021786.0,1025314.0,975605.0,372.114398
2021-11-09 02-00-00,1021712.0,1027899.0,1043301.0,1016034.0,291.335237
2021-11-10 02-00-00,1027899.0,1023501.0,1059121.0,1000000.0,326.433683
2021-11-11 02-00-00,1022665.0,1018840.0,1040000.0,1006929.0,235.756314
2021-11-12 02-00-00,1017059.0,1002800.0,1024327.0,975000.0,300.546546
2021-11-13 02-00-00,1002376.0,1008000.0,1015000.0,993889.0,128.275537
2021-11-14 02-00-00,1008000.0,1018888.0,1018888.0,997676.0,108.435041
2021-11-15 02-00-00,1018918.0,988771.0,1028201.0,988223.0,206.73732
2021-11-16 02-00-00,988468.0,944183.0,988468.0,920000.0,473.097408
2021-11-17 02-00-00,944002.0,952019.0,960376.0,923289.0,246.181611
2021-11-18 02-00-00,952019.0,910999.0,959000.0,901800.0,310.779804
2021-11-19 02-00-00,911491.0,930345.0,935938.0,886839.0,265.389622
2021-11-20 02-00-00,932000.0,959963.0,961794.0,927921.0,186.823811
2021-11-21 02-00-00,958837.0,948010.0,965000.0,940010.0,143.912458
2021-11-22 02-00-00,949839.0,908737.0,955000.0,900006.0,289.990921
2021-11-23 02-00-00,908026.0,930290.0,935000.0,895738.0,272.486598
2021-11-24 02-00-00,930290.0,924375.0,931521.0,830000.0,285.175154
2021-11-25 02-00-00,923511.0,963894.0,964670.0,922000.0,236.333127
2021-11-26 02-00-00,963893.0,893317.0,967499.0,885000.0,414.54037
2021-11-27 02-00-00,893333.0,909438.0,920505.0,890000.0,142.65041
2021-11-28 02-00-00,909684.0,937004.0,945000.0,894000.0,161.920813
2021-11-29 02-00-00,937004.0,944003.0,967681.0,933642.0,271.247068
2021-11-30 02-00-00,945013.0,920750.0,955000.0,919025.0,317.168039
2021-12-01 02-00-00,921657.0,929800.0,950001.0,911010.0,294.436023
2021-12-02 02-00-00,929386.0,914723.0,932360.0,905500.0,229.491455
2021-12-03 02-00-00,915341.0,882074.0,928681.0,860000.0,288.67042
2021-12-04 02-00-00,881500.0,820224.0,884732.0,710898.0,583.068079
2021-12-05 02-00-00,821300.0,814761.0,831186.0,790937.0,220.173832
2021-12-06 02-00-00,816969.0,817086.0,821924.0,772800.0,404.660977
2021-12-07 02-00-00,815863.0,815000.0,843207.0,809790.0,305.79658
2021-12-08 02-00-00,815699.0,806150.0,822332.0,786699.0,304.383355
2021-12-09 02-00-00,806782.0,771240.0,812171.0,765281.0,318.958688
2021-12-10 02-00-00,770818.0,768168.0,810100.0,764765.0,273.330385
2021-12-11 02-00-00,768167.0,800200.0,802000.0,763585.0,191.113854
2021-12-12 02-00-00,799949.0,810082.0,823786.0,792714.0,130.038181
2021-12-13 02-00-00,811335.0,757582.0,811997.0,744312.0,286.987028
2021-12-14 02-00-00,757942.0,787336.0,791598.0,751562.0,259.846249
2021-12-15 02-00-00,787109.0,794094.0,804283.0,768111.0,300.75526
2021-12-16 02-00-00,793736.0,777713.0,800799.0,773500.0,178.850293
2021-12-17 02-00-00,775090.0,746824.0,782500.0,736256.0,273.044161
2021-12-18 02-00-00,747008.0,760352.0,770000.0,737196.0,174.551001
2021-12-19 02-00-00,760300.0,756814.0,779999.0,754953.0,118.366106
2021-12-20 02-00-00,757385.0,752376.0,765634.0,736277.0,274.205219
2021-12-21 02-00-00,753392.0,786259.0,795000.0,750002.0,243.825638
2021-12-22 02-00-00,786045.0,778974.0,799518.0,778000.0,212.65081
2021-12-23 02-00-00,778003.0,807001.0,815000.0,770401.0,234.090572
2021-12-24 02-00-00,807002.0,806569.0,819760.0,802736.0,205.722227
2021-12-25 02-00-00,806766.0,801400.0,813580.0,801400.0,92.57779
2021-12-26 02-00-00,801325.0,807403.0,813005.0,790500.0,93.421851
2021-12-27 02-00-00,808412.0,807604.0,821456.0,800680.0,130.020232
2021-12-28 02-00-00,807602.0,762684.0,808785.0,760112.0,252.13996
2021-12-29 02-00-00,762502.0,752508.0,776796.0,750000.0,282.3431
2021-12-30 02-00-00,753881.0,761713.0,773000.0,747043.0,197.142849
2021-12-31 02-00-00,761838.0,751000.0,782190.0,750401.0,192.416083
2022-01-01 02-00-00,750820.0,771813.0,774556.0,750401.0,67.656156
2022-01-02 02-00-00,771539.0,766552.0,773600.0,756580.0,62.397278
2022-01-03 02-00-00,766576.0,752017.0,767762.0,740006.0,159.564372
2022-01-04 02-00-00,751897.0,750615.0,773000.0,743350.0,217.396336
2022-01-05 02-00-00,750614.0,708003.0,762999.0,691086.0,274.214144
2022-01-06 02-00-00,708001.0,694185.0,714259.0,685794.0,263.468676
2022-01-07 02-00-00,693007.0,663699.0,693794.0,650006.0,346.120012
2022-01-08 02-00-00,663700.0,669123.0,679990.0,645000.0,231.980166
2022-01-09 02-00-00,669379.0,675000.0,688807.0,665700.0,100.808418
2022-01-10 02-00-00,675000.0,670019.0,682449.0,641003.0,358.91076
2022-01-11 02-00-00,670036.0,678819.0,684999.0,661124.0,273.298974
2022-01-12 02-00-00,679613.0,689789.0,696586.0,676000.0,250.052271
2022-01-13 02-00-00,689201.0,672065.0,699551.0,668645.0,296.724866
2022-01-14 02-00-00,672853.0,678976.0,684756.0,660000.0,251.15606
2022-01-15 02-00-00,678997.0,683000.0,691998.0,676000.0,109.158124
2022-01-16 02-00-00,683001.0,680619.0,687477.0,675204.0,74.594862
2022-01-17 02-00-00,680602.0,671619.0,682882.0,661169.0,168.311994
2022-01-18 02-00-00,671024.0,673600.0,676997.0,653251.0,270.197935
2022-01-19 02-00-00,673593.0,654251.0,674083.0,652674.0,201.301642
2022-01-20 02-00-00,654410.0,638824.0,675850.0,636000.0,268.608092
2022-01-21 02-00-00,637079.0,564628.0,644695.0,551315.0,531.425917
2022-01-22 02-00-00,564064.0,543370.0,569493.0,526098.0,487.707774
2022-01-23 02-00-00,543783.0,560941.0,565000.0,537886.0,211.22362
2022-01-24 02-00-00,559845.0,571905.0,585516.0,516388.0,606.821722
2022-01-25 02-00-00,571515.0,576859.0,587635.0,561768.0,461.559896
2022-01-26 02-00-00,577690.0,578680.0,606000.0,570546.0,611.91049
2022-01-27 02-00-00,578590.0,586107.0,587311.0,562385.0,360.250884
2022-01-28 02-00-00,585723.0,598095.0,602881.0,576290.0,272.329945
2022-01-29 02-00-00,597525.0,608547.0,617416.0,594774.0,172.733525
2022-01-30 02-00-00,608884.0,606722.0,612993.0,599629.0,101.301534
2022-01-31 02-00-00,606548.0,605325.0,609528.0,586500.0,264.012777
2022-02-01 02-00-00,605707.0,602641.0,612117.0,593000.0,280.560897
2022-02-02 02-00-00,602616.0,578227.0,605330.0,575001.0,243.130217
2022-02-03 02-00-00,578227.0,581500.0,583847.0,568000.0,241.676665
2022-02-04 02-00-00,581500.0,651063.0,654999.0,577097.0,355.045154
2022-02-05 02-00-00,650933.0,654771.0,673610.0,647057.0,210.446686
2022-02-06 02-00-00,653810.0,667814.0,671387.0,652180.0,96.782152
2022-02-07 02-00-00,667725.0,694155.0,705867.0,657000.0,333.586854
2022-02-08 02-00-00,694532.0,693161.0,721442.0,670005.0,403.577995
2022-02-09 02-00-00,693000.0,692698.0,700000.0,676530.0,249.685012
2022-02-10 02-00-00,692499.0,677608.0,704182.0,675033.0,381.693444
2022-02-11 02-00-00,677608.0,661420.0,687672.0,655808.0,300.776329
2022-02-12 02-00-00,661115.0,660598.0,672750.0,654427.0,151.830799
2022-02-13 02-00-00,660180.0,658979.0,668737.0,656800.0,68.99946
2022-02-14 02-00-00,658896.0,659615.0,665712.0,652500.0,283.540203
2022-02-15 02-00-00,659520.0,688001.0,699980.0,658510.0,314.522739
2022-02-16 02-00-00,687952.0,676874.0,690000.0,671379.0,186.114564
2022-02-17 02-00-00,676946.0,624000.0,680043.0,617543.0,318.117449
2022-02-18 02-00-00,624000.0,620307.0,632488.0,565000.0,350.531693
2022-02-19 02-00-00,619842.0,621237.0,630765.0,617685.0,110.372878
2022-02-20 02-00-00,621999.0,596083.0,621999.0,588000.0,138.262927
2022-02-21 02-00-00,595376.0,579641.0,612328.0,577603.0,326.843514
2022-02-22 02-00-00,580579.0,591710.0,593450.0,569019.0,343.600354
2022-02-23 02-00-00,591341.0,576429.0,605000.0,575000.0,301.203876
2022-02-24 02-00-00,576885.0,598263.0,608306.0,530000.0,679.659531
2022-02-25 02-00-00,598074.0,602500.0,612592.0,580000.0,309.56834
2022-02-26 02-00-00,602500.0,604261.0,614999.0,600114.0,162.795688
2022-02-27 02-00-00,604851.0,590662.0,612699.0,580410.0,215.09967
2022-02-28 02-00-00,590102.0,664200.0,673746.0,585100.0,411.792757
2022-03-01 02-00-00,664200.0,696598.0,704999.0,649999.0,414.58654
2022-03-02 02-00-00,697034.0,688111.0,711000.0,680001.0,302.199714
2022-03-03 02-00-00,687104.0,658043.0,691881.0,650000.0,262.711014
2022-03-04 02-00-00,658042.0,614528.0,659255.0,605753.0,318.579389
2022-03-05 02-00-00,614589.0,622321.0,624395.0,605811.0,152.070581
2022-03-06 02-00-00,622285.0,609940.0,626765.0,602501.0,137.648697
2022-03-07 02-00-00,609411.0,599887.0,620607.0,587101.0,390.707569
2022-03-08 02-00-00,598312.0,608267.0,616950.0,596963.0,333.470019
2022-03-09 02-00-00,608267.0,644111.0,660407.0,607269.0,356.8387
2022-03-10 02-00-00,644190.0,608812.0,647267.0,600010.0,349.200265
2022-03-11 02-00-00,608790.0,597239.0,619887.0,591489.0,312.923075
2022-03-12 02-00-00,596912.0,599600.0,608864.0,595990.0,123.506446
2022-03-13 02-00-00,599248.0,584940.0,607391.0,581444.0,128.372537
2022-03-14 02-00-00,585432.0,615298.0,618499.0,581842.0,286.706364
2022-03-15 02-00-00,615001.0,607303.0,616459.0,594000.0,281.298774
2022-03-16 02-00-00,607301.0,626627.0,644050.0,603184.0,456.220783
2022-03-17 02-00-00,627500.0,625868.0,632302.0,619000.0,228.464939
2022-03-18 02-00-00,625398.0,637557.0,646647.0,615000.0,340.972491
2022-03-19 02-00-00,638582.0,646546.0,649562.0,634721.0,553.087497
2022-03-20 02-00-00,646500.0,631433.0,649500.0,625200.0,348.777964
2022-03-21 02-00-00,631500.0,627772.0,634907.0,621499.0,146.283731
2022-03-22 02-00-00,626855.0,644740.0,659499.0,625358.0,260.997756
2022-03-23 02-00-00,643681.0,649638.0,649761.0,636000.0,214.335289
2022-03-24 02-00-00,649194.0,654766.0,658550.0,643488.0,251.312544
2022-03-25 02-00-00,655081.0,660888.0,673800.0,653180.0,211.288779
2022-03-26 02-00-00,660888.0,667526.0,669737.0,659500.0,102.062481
2022-03-27 02-00-00,667211.0,699124.0,699600.0,665246.0,108.345359
2022-03-28 02-00-00,698673.0,707070.0,720000.0,697235.0,277.923956
2022-03-29 02-00-00,706678.0,707523.0,718927.0,701436.0,216.901775
2022-03-30 02-00-00,707076.0,697000.0,708262.0,695404.0,202.022223
2022-03-31 02-00-00,697661.0,680944.0,709998.0,678000.0,206.092589
2022-04-01 02-00-00,680827.0,691875.0,702418.0,665000.0,198.103899
2022-04-02 02-00-00,691450.0,688900.0,705000.0,685997.0,109.028378
2022-04-03 02-00-00,688913.0,697500.0,709000.0,685000.0,84.25412
2022-04-04 02-00-00,695251.0,695108.0,698801.0,675845.0,172.708876
2022-04-05 02-00-00,694746.0,684219.0,702855.0,681583.0,169.931571
2022-04-06 02-00-00,684219.0,650175.0,685628.0,650000.0,264.715571
2022-04-07 02-00-00,650001.0,654000.0,675000.0,643501.0,184.475747
2022-04-08 02-00-00,654464.0,634656.0,663934.0,633022.0,164.31755
2022-04-09 02-00-00,635615.0,640949.0,640969.0,630500.0,107.372317
2022-04-10 02-00-00,640996.0,634501.0,651517.0,630100.0,98.55484
2022-04-11 02-00-00,633589.0,592255.0,637720.0,589350.0,299.904229
2022-04-12 02-00-00,591901.0,597700.0,610400.0,586005.0,272.013706
2022-04-13 02-00-00,597701.0,612764.0,619999.0,589000.0,227.885077
2022-04-14 02-00-00,612470.0,600443.0,620885.0,595000.0,179.334355
2022-04-15 02-00-00,600352.0,606971.0,609900.0,598290.0,94.033496
2022-04-16 02-00-00,607228.0,605971.0,610000.0,601000.0,69.102849
2022-04-17 02-00-00,605439.0,600104.0,615785.0,598200.0,103.89038
2022-04-18 02-00-00,599920.0,613035.0,618000.0,583096.0,162.099523
2022-04-19 02-00-00,613035.0,633491.0,637079.0,611891.0,198.946503
2022-04-20 02-00-00,633284.0,634572.0,648000.0,628002.0,174.51236
2022-04-21 02-00-00,634505.0,636630.0,669998.0,625052.0,273.249766
2022-04-22 02-00-00,637487.0,632042.0,649900.0,624721.0,171.283315
2022-04-23 02-00-00,632311.0,629646.0,636635.0,627108.0,78.431658
2022-04-24 02-00-00,629644.0,628057.0,634278.0,621267.0,89.501382
2022-04-25 02-00-00,628006.0,645480.0,646938.0,610705.0,243.108573
2022-04-26 02-00-00,645241.0,617550.0,655000.0,610002.0,246.910413
2022-04-27 02-00-00,616934.0,634751.0,640072.0,613478.0,157.837214
2022-04-28 02-00-00,634800.0,646914.0,657300.0,632430.0,266.069687
2022-04-29 02-00-00,646446.0,623993.0,647999.0,616000.0,212.128236
2022-04-30 02-00-00,622771.0,609844.0,627239.0,609844.0,124.35542
2022-05-01 02-00-00,609477.0,621833.0,624355.0,607000.0,83.223192
2022-05-02 02-00-00,621695.0,631800.0,640095.0,620318.0,158.194517
2022-05-03 02-00-00,631790.0,608840.0,633858.0,603693.0,194.869972
2022-05-04 02-00-00,608878.0,627509.0,634158.0,607715.0,218.717622
2022-05-05 02-00-00,627451.0,597000.0,633273.0,584000.0,301.168286
2022-05-06 02-00-00,596611.0,587250.0,600798.0,576343.0,235.162839
2022-05-07 02-00-00,587298.0,580479.0,592132.0,570673.0,107.790368
2022-05-08 02-00-00,580001.0,557608.0,580900.0,550300.0,159.057301
2022-05-09 02-00-00,557606.0,497684.0,561019.0,497670.0,624.099418
2022-05-10 02-00-00,497779.0,512947.0,537895.0,494096.0,545.025804
2022-05-11 02-00-00,512586.0,476824.0,525000.0,460000.0,812.5207
2022-05-12 02-00-00,477000.0,475190.0,496246.0,420690.0,1000.115265
2022-05-13 02-00-00,475535.0,482470.0,512892.0,471152.0,548.966818
2022-05-14 02-00-00,483375.0,496914.0,499990.0,476950.0,223.728415
2022-05-15 02-00-00,496073.0,517970.0,519233.0,488118.0,183.607012
2022-05-16 02-00-00,517969.0,491666.0,517969.0,481358.0,320.550565
2022-05-17 02-00-00,491713.0,494562.0,502500.0,480000.0,309.654647
2022-05-18 02-00-00,494671.0,469000.0,497500.0,468465.0,244.857273
2022-05-19 02-00-00,469051.0,489314.0,492620.0,465000.0,258.365127
2022-05-20 02-00-00,489474.0,471743.0,496000.0,466000.0,249.146182
2022-05-21 02-00-00,472007.0,476878.0,479720.0,468575.0,167.025168
2022-05-22 02-00-00,476789.0,489551.0,490800.0,473671.0,143.193328
2022-05-23 02-00-00,489499.0,469006.0,494301.0,465500.0,283.547189
2022-05-24 02-00-00,469065.0,473260.0,475457.0,458004.0,259.889317
2022-05-25 02-00-00,472601.0,472985.0,483296.0,469094.0,267.96465
2022-05-26 02-00-00,473425.0,467102.0,478998.0,453502.0,345.48837
2022-05-27 02-00-00,467102.0,455714.0,469979.0,450000.0,361.096437
2022-05-28 02-00-00,455691.0,462865.0,464263.0,454204.0,165.158032
2022-05-29 02-00-00,462204.0,468413.0,470000.0,460629.0,115.3411
2022-05-30 02-00-00,468106.0,503000.0,509543.0,465986.0,378.231937
2022-05-31 02-00-00,503722.0,505676.0,515000.0,497483.0,428.89497
2022-06-01 02-00-00,505998.0,475005.0,508928.0,467000.0,401.341407
2022-06-02 02-00-00,475052.0,480079.0,483334.0,468001.0,314.903671
2022-06-03 02-00-00,480038.0,471026.0,483433.0,464000.0,241.970591
2022-06-04 02-00-00,470185.0,472494.0,474000.0,466747.0,158.565501
2022-06-05 02-00-00,472456.0,473949.0,476999.0,468250.0,114.735865
2022-06-06 02-00-00,473948.0,493688.0,498608.0,473758.0,359.575694
2022-06-07 02-00-00,493688.0,488001.0,494000.0,462121.0,581.46612
2022-06-08 02-00-00,487117.0,472695.0,490457.0,468369.0,350.221949
2022-06-09 02-00-00,472673.0,475260.0,479181.0,468500.0,326.31151
2022-06-10 02-00-00,475209.0,469457.0,479578.0,466805.0,377.170379
2022-06-11 02-00-00,469944.0,459309.0,475997.0,456000.0,246.595988
2022-06-12 02-00-00,459309.0,435004.0,461949.0,435004.0,334.331582
2022-06-13 02-00-00,435005.0,368637.0,438790.0,360124.0,777.82151
2022-06-14 02-00-00,368663.0,361260.0,377907.0,322157.0,947.158114
2022-06-15 02-00-00,360372.0,361577.0,365992.0,327591.0,1061.797153
2022-06-16 02-00-00,361596.0,333582.0,368174.0,330733.0,384.676275
2022-06-17 02-00-00,333363.0,334743.0,347500.0,331464.0,392.950187
2022-06-18 02-00-00,334604.0,311172.0,339400.0,288000.0,889.070578
2022-06-19 02-00-00,311471.0,336529.0,340304.0,294680.0,555.208906
2022-06-20 02-00-00,336530.0,336993.0,344666.0,320000.0,504.832952
2022-06-21 02-00-00,337124.0,336964.0,351177.0,332806.0,446.618528
2022-06-22 02-00-00,336592.0,324655.0,338990.0,321018.0,434.021474
2022-06-23 02-00-00,324652.0,343226.0,344798.0,323246.0,310.984526
2022-06-24 02-00-00,342716.0,342238.0,347475.0,335950.0,410.761569
2022-06-25 02-00-00,342228.0,346363.0,349895.0,338544.0,179.495896
2022-06-26 02-00-00,346885.0,340141.0,352226.0,339251.0,220.268573
2022-06-27 02-00-00,339910.0,335524.0,348664.0,332703.0,336.74809
2022-06-28 02-00-00,335186.0,332425.0,345550.0,331412.0,394.123434
2022-06-29 02-00-00,332105.0,330911.0,336324.0,326707.0,313.356619
2022-06-30 02-00-00,331160.0,329949.0,332281.0,309002.0,508.270273
2022-07-01 02-00-00,330115.0,321408.0,344353.0,316265.0,368.209297
2022-07-02 02-00-00,321661.0,320003.0,323548.0,316191.0,224.698778
2022-07-03 02-00-00,320327.0,320329.0,325294.0,313145.0,143.199492
2022-07-04 02-00-00,320361.0,335866.0,337416.0,316385.0,353.836724
2022-07-05 02-00-00,335874.0,336535.0,347887.0,324472.0,612.509897
2022-07-06 02-00-00,336822.0,347304.0,348000.0,330456.0,583.952355
2022-07-07 02-00-00,347883.0,367868.0,369787.0,339511.0,498.824713
2022-07-08 02-00-00,367163.0,369001.0,379400.0,362182.0,573.807825
2022-07-09 02-00-00,369001.0,368058.0,375000.0,365400.0,306.758385
2022-07-10 02-00-00,368080.0,356360.0,368447.0,353816.0,239.308021
2022-07-11 02-00-00,356361.0,345569.0,358120.0,344200.0,232.651424
2022-07-12 02-00-00,345222.0,332514.0,348679.0,330500.0,240.459517
2022-07-13 02-00-00,333255.0,348689.0,348754.0,326806.0,373.784097
2022-07-14 02-00-00,348700.0,356000.0,362314.0,340902.0,310.496439
2022-07-15 02-00-00,355989.0,359504.0,366883.0,345443.0,288.542933
2022-07-16 02-00-00,359510.0,364268.0,369998.0,354373.0,217.597549
2022-07-17 02-00-00,364471.0,357744.0,372218.0,357744.0,188.338163
2022-07-18 02-00-00,358179.0,387423.0,392249.0,357883.0,478.292353
2022-07-19 02-00-00,388053.0,404016.0,410000.0,373286.0,602.723757
2022-07-20 02-00-00,403766.0,406132.0,435000.0,396135.0,555.730096
2022-07-21 02-00-00,405898.0,400661.0,408869.0,386660.0,346.858118
2022-07-22 02-00-00,400877.0,389094.0,406600.0,385446.0,287.598825
2022-07-23 02-00-00,388764.0,384848.0,395610.0,377823.0,158.932004
2022-07-24 02-00-00,384939.0,387541.0,393975.0,382043.0,126.893289
2022-07-25 02-00-00,387800.0,364045.0,389445.0,363731.0,266.996205
2022-07-26 02-00-00,364045.0,365161.0,365377.0,355947.0,343.082982
2022-07-27 02-00-00,364428.0,388582.0,391637.0,362328.0,417.568596
2022-07-28 02-00-00,389281.0,400375.0,410000.0,385400.0,376.95386
2022-07-29 02-00-00,400219.0,401300.0,408510.0,394241.0,353.563165
2022-07-30 02-00-00,401301.0,400349.0,415581.0,397500.0,250.725145
2022-07-31 02-00-00,400351.0,395491.0,407946.0,392721.0,162.203379
2022-08-01 02-00-00,394518.0,390934.0,397295.0,384727.0,272.205278
2022-08-02 02-00-00,390936.0,393175.0,398926.0,382044.0,336.658698
2022-08-03 02-00-00,393610.0,389500.0,403903.0,388400.0,313.549189
2022-08-04 02-00-00,389512.0,381774.0,395154.0,379253.0,257.729779
2022-08-05 02-00-00,381969.0,396585.0,398921.0,381765.0,288.451641
2022-08-06 02-00-00,396659.0,391406.0,397998.0,391045.0,108.138407
2022-08-07 02-00-00,391152.0,394894.0,398000.0,390309.0,72.266567
2022-08-08 02-00-00,395261.0,402642.0,410000.0,392000.0,293.46104
2022-08-09 02-00-00,402643.0,391047.0,404193.0,387728.0,236.251511
2022-08-10 02-00-00,391426.0,394598.0,400630.0,384000.0,352.204647
2022-08-11 02-00-00,394478.0,396923.0,409900.0,394046.0,419.657067
2022-08-12 02-00-00,396816.0,401833.0,403000.0,391465.0,351.521253
2022-08-13 02-00-00,402126.0,403375.0,410000.0,401079.0,227.980342
2022-08-14 02-00-00,403735.0,403361.0,412136.0,400296.0,181.896175
2022-08-15 02-00-00,402596.0,403402.0,416827.0,398000.0,384.472494
2022-08-16 02-00-00,403316.0,397588.0,406120.0,396780.0,258.417366
2022-08-17 02-00-00,397217.0,394068.0,409000.0,393251.0,428.674852
2022-08-18 02-00-00,394877.0,396213.0,401286.0,394662.0,285.826287
2022-08-19 02-00-00,395951.0,360362.0,396000.0,359679.0,473.030187
2022-08-20 02-00-00,360271.0,364551.0,369707.0,358572.0,170.731369
2022-08-21 02-00-00,364898.0,371302.0,374536.0,363019.0,162.821856
2022-08-22 02-00-00,371493.0,368505.0,371724.0,362027.0,253.009481
2022-08-23 02-00-00,368387.0,370717.0,373700.0,361190.0,310.010951
2022-08-24 02-00-00,370579.0,367570.0,374525.0,366178.0,214.67636
2022-08-25 02-00-00,367570.0,365520.0,372999.0,364332.0,198.276673
2022-08-26 02-00-00,365374.0,347008.0,370497.0,345014.0,358.544089
2022-08-27 02-00-00,346830.0,343368.0,349215.0,340748.0,194.634625
2022-08-28 02-00-00,343465.0,337766.0,348866.0,337019.0,116.241083
2022-08-29 02-00-00,337185.0,346830.0,349640.0,336290.0,270.81566
2022-08-30 02-00-00,346972.0,340727.0,352324.0,338000.0,291.520115
2022-08-31 02-00-00,340943.0,346889.0,352496.0,340942.0,376.90659
2022-09-01 02-00-00,346986.0,348145.0,351820.0,343009.0,260.856883
2022-09-02 02-00-00,348301.0,349124.0,355000.0,345592.0,256.789279
2022-09-03 02-00-00,349046.0,347123.0,350770.0,344777.0,96.889825
2022-09-04 02-00-00,347150.0,349616.0,349777.0,343715.0,91.331197
2022-09-05 02-00-00,349777.0,343743.0,350664.0,342000.0,179.308913
2022-09-06 02-00-00,344241.0,329278.0,348412.0,327592.0,339.546576
2022-09-07 02-00-00,329497.0,336809.0,339965.0,326935.0,284.721502
2022-09-08 02-00-00,336952.0,342434.0,344444.0,334040.0,248.641694
2022-09-09 02-00-00,341881.0,374749.0,377711.0,341182.0,412.546073
2022-09-10 02-00-00,374487.0,379020.0,380973.0,370340.0,184.601218
2022-09-11 02-00-00,378773.0,380000.0,381000.0,373918.0,150.138254
2022-09-12 02-00-00,380099.0,386875.0,389684.0,376626.0,353.039318
2022-09-13 02-00-00,386922.0,356300.0,392000.0,351531.0,637.109147
2022-09-14 02-00-00,356300.0,357714.0,370000.0,347426.0,269.935086
2022-09-15 02-00-00,357616.0,351026.0,360259.0,347500.0,271.673922
2022-09-16 02-00-00,350907.0,351987.0,357000.0,345625.0,255.729182
2022-09-17 02-00-00,351645.0,357437.0,358950.0,351473.0,175.586111
2022-09-18 02-00-00,357330.0,346388.0,357628.0,345500.0,143.68111
2022-09-19 02-00-00,346459.0,349038.0,351279.0,327643.0,401.595681
2022-09-20 02-00-00,348735.0,338209.0,350296.0,336600.0,207.475514
2022-09-21 02-00-00,337659.0,332322.0,352550.0,326813.0,641.458114
2022-09-22 02-00-00,331847.0,345277.0,346788.0,330436.0,386.005765
2022-09-23 02-00-00,345150.0,348611.0,350514.0,335434.0,371.938744
2022-09-24 02-00-00,348611.0,343252.0,348936.0,342005.0,146.080648
2022-09-25 02-00-00,343292.0,341999.0,346997.0,339012.0,130.765295
2022-09-26 02-00-00,341777.0,350520.0,351814.0,340169.0,329.364251
2022-09-27 02-00-00,350253.0,347722.0,369000.0,344501.0,456.623188
2022-09-28 02-00-00,347631.0,350345.0,355707.0,339518.0,408.151397
2022-09-29 02-00-00,350208.0,354703.0,356498.0,345002.0,393.754282
2022-09-30 02-00-00,354823.0,354552.0,365936.0,349000.0,495.443376
2022-10-01 02-00-00,354273.0,353376.0,355531.0,351236.0,117.370683
2022-10-02 02-00-00,353108.0,348600.0,354466.0,346276.0,132.750662
2022-10-03 02-00-00,348381.0,352908.0,354677.0,347201.0,363.22421
2022-10-04 02-00-00,353518.0,362748.0,363310.0,351200.0,510.336168
2022-10-05 02-00-00,362576.0,363353.0,365001.0,356800.0,390.888552
2022-10-06 02-00-00,362792.0,362140.0,366000.0,360190.0,380.886737
2022-10-07 02-00-00,362233.0,356607.0,364320.0,353093.0,316.178574
2022-10-08 02-00-00,356511.0,355303.0,358232.0,353077.0,117.130259
2022-10-09 02-00-00,355519.0,355746.0,358000.0,354385.0,76.622037
2022-10-10 02-00-00,355685.0,350151.0,357826.0,348806.0,224.71753
2022-10-11 02-00-00,350175.0,348679.0,352543.0,346094.0,220.313619
2022-10-12 02-00-00,348743.0,352909.0,353970.0,348581.0,222.952033
2022-10-13 02-00-00,352912.0,356269.0,357989.0,338000.0,568.987578
2022-10-14 02-00-00,356023.0,355676.0,365000.0,354000.0,517.10161
2022-10-15 02-00-00,355525.0,354058.0,356557.0,352600.0,78.974987
2022-10-16 02-00-00,354054.0,355570.0,358997.0,354054.0,85.328072
2022-10-17 02-00-00,355624.0,355636.0,358000.0,353534.0,186.925945
2022-10-18 02-00-00,355851.0,353282.0,358846.0,351014.0,291.619254
2022-10-19 02-00-00,353283.0,353289.0,355461.0,351428.0,237.677398
2022-10-20 02-00-00,352993.0,351989.0,356000.0,350080.0,264.066202
2022-10-21 02-00-00,352056.0,349844.0,353870.0,348616.0,262.096155
2022-10-22 02-00-00,349842.0,351212.0,352989.0,349253.0,113.001784
2022-10-23 02-00-00,351192.0,356286.0,357953.0,350500.0,107.456133
2022-10-24 02-00-00,356692.0,358531.0,359913.0,353060.0,275.870647
2022-10-25 02-00-00,358499.0,368996.0,373054.0,356885.0,327.264827
2022-10-26 02-00-00,368383.0,375150.0,381564.0,368300.0,412.722875
2022-10-27 02-00-00,374859.0,368496.0,378162.0,366734.0,344.33028
2022-10-28 02-00-00,368229.0,376251.0,379600.0,365100.0,309.063077
2022-10-29 02-00-00,376476.0,381636.0,385976.0,376000.0,227.928274
2022-10-30 02-00-00,381611.0,378307.0,383900.0,376283.0,132.88288
2022-10-31 02-00-00,378475.0,379351.0,385148.0,375203.0,322.928651
2022-11-01 02-00-00,378832.0,375665.0,380844.0,372699.0,264.289495
2022-11-02 02-00-00,375623.0,372087.0,378330.0,370504.0,386.143289
2022-11-03 02-00-00,372155.0,375218.0,378037.0,371217.0,262.687476
2022-11-04 02-00-00,375486.0,382317.0,385620.0,374827.0,382.961055
2022-11-05 02-00-00,382318.0,386375.0,388500.0,381099.0,166.086871
2022-11-06 02-00-00,386374.0,381365.0,387400.0,381072.0,129.420866
2022-11-07 02-00-00,381533.0,370157.0,384246.0,367260.0,426.870021
2022-11-08 02-00-00,370159.0,338966.0,375401.0,334251.0,869.272987
2022-11-09 02-00-00,338966.0,285334.0,339738.0,279100.0,1078.413953
2022-11-10 02-00-00,286058.0,311768.0,320000.0,283486.0,1002.282055
2022-11-11 02-00-00,311688.0,300830.0,313490.0,290000.0,494.982897
2022-11-12 02-00-00,300825.0,296826.0,305001.0,294463.0,192.899356
2022-11-13 02-00-00,296864.0,289068.0,298953.0,287813.0,230.510078
2022-11-14 02-00-00,289047.0,293840.0,304988.0,280001.0,709.161661
2022-11-15 02-00-00,293840.0,295470.0,304000.0,290001.0,422.886604
2022-11-16 02-00-00,295467.0,290844.0,299500.0,286505.0,353.310943
2022-11-17 02-00-00,291055.0,293201.0,295192.0,287990.0,309.144751
2022-11-18 02-00-00,293095.0,293406.0,298606.0,290550.0,229.839724
2022-11-19 02-00-00,293208.0,293746.0,295486.0,291370.0,115.720491
2022-11-20 02-00-00,293665.0,287048.0,294980.0,286501.0,118.528727
2022-11-21 02-00-00,287218.0,277641.0,287894.0,271271.0,388.943504
2022-11-22 02-00-00,277335.0,282884.0,285061.0,274475.0,291.566871
2022-11-23 02-00-00,283354.0,285833.0,290994.0,282000.0,358.019799
2022-11-24 02-00-00,285474.0,287150.0,289600.0,283588.0,245.534157
2022-11-25 02-00-00,287103.0,286100.0,288899.0,284000.0,225.342485
2022-11-26 02-00-00,286150.0,286950.0,292954.0,285677.0,131.646404
2022-11-27 02-00-00,287049.0,288679.0,290000.0,286733.0,89.381963
2022-11-28 02-00-00,288572.0,281868.0,289349.0,280051.0,254.807026
2022-11-29 02-00-00,281866.0,282617.0,288500.0,280002.0,272.617487
2022-11-30 02-00-00,282908.0,296989.0,298262.0,282511.0,319.103114
2022-12-01 02-00-00,296830.0,302300.0,340000.0,292718.0,343.260311
2022-12-02 02-00-00,302297.0,302499.0,307881.0,298000.0,193.780952
2022-12-03 02-00-00,302369.0,300813.0,304417.0,299554.0,91.404008
2022-12-04 02-00-00,300679.0,300675.0,306950.0,300174.0,90.459805
2022-12-05 02-00-00,300505.0,298401.0,315000.0,297998.0,217.957912
2022-12-06 02-00-00,298448.0,297960.0,300401.0,295760.0,181.785041
2022-12-07 02-00-00,297800.0,290951.0,299063.0,290556.0,182.876686
2022-12-08 02-00-00,291122.0,297068.0,298948.0,289612.0,187.166791
2022-12-09 02-00-00,297068.0,300038.0,303300.0,296264.0,197.914176
2022-12-10 02-00-00,299990.0,301000.0,303312.0,299533.0,68.064453
2022-12-11 02-00-00,301120.0,301215.0,302900.0,300500.0,61.590547
2022-12-12 02-00-00,301090.0,303320.0,303720.0,295510.0,173.557817
2022-12-13 02-00-00,303159.0,308615.0,318800.0,301539.0,270.996873
2022-12-14 02-00-00,308804.0,307502.0,317739.0,306197.0,290.917734
2022-12-15 02-00-00,308023.0,307213.0,310940.0,305000.0,246.86054
2022-12-16 02-00-00,307397.0,296865.0,310885.0,296001.0,250.243946
2022-12-17 02-00-00,296870.0,299984.0,300502.0,296505.0,93.78748
2022-12-18 02-00-00,299753.0,299670.0,301000.0,298854.0,71.131572
2022-12-19 02-00-00,299992.0,288701.0,303935.0,286941.0,283.496125
2022-12-20 02-00-00,288579.0,295918.0,298997.0,287649.0,275.384218
2022-12-21 02-00-00,295971.0,291936.0,300000.0,290713.0,219.32531
2022-12-22 02-00-00,291814.0,292170.0,294381.0,289109.0,197.257065
2022-12-23 02-00-00,292005.0,292203.0,297000.0,291206.0,206.222468
2022-12-24 02-00-00,292212.0,294509.0,295942.0,292200.0,82.274461
2022-12-25 02-00-00,294303.0,294881.0,297000.0,290000.0,65.627961
2022-12-26 02-00-00,294888.0,295951.0,296243.0,294098.0,70.324254
2022-12-27 02-00-00,295953.0,293247.0,296552.0,292500.0,112.045348
2022-12-28 02-00-00,293116.0,287438.0,294128.0,285620.0,163.950529
2022-12-29 02-00-00,287387.0,286432.0,292495.0,285001.0,253.827952
2022-12-30 02-00-00,286468.0,288602.0,289472.0,285078.0,192.502892
2022-12-31 02-00-00,288603.0,289467.0,292699.0,287828.0,82.140569
2023-01-01 02-00-00,289697.0,290823.0,295500.0,289193.0,61.033823
2023-01-02 02-00-00,290780.0,289630.0,291953.0,288882.0,99.589779
2023-01-03 02-00-00,289330.0,287282.0,291773.0,286869.0,184.723501
2023-01-04 02-00-00,287306.0,289187.0,291100.0,286701.0,223.263692
2023-01-05 02-00-00,289196.0,292567.0,296489.0,288421.0,193.990284
2023-01-06 02-00-00,292711.0,294572.0,295951.0,292500.0,175.156141
2023-01-07 02-00-00,294413.0,294939.0,295831.0,294201.0,61.658612
2023-01-08 02-00-00,294940.0,296427.0,297000.0,294613.0,58.390184
2023-01-09 02-00-00,296903.0,294552.0,299826.0,293632.0,216.085276
2023-01-10 02-00-00,294512.0,300380.0,301500.0,293978.0,167.92563
2023-01-11 02-00-00,300308.0,302850.0,303000.0,298100.0,192.943391
2023-01-12 02-00-00,302978.0,317818.0,320915.0,302240.0,313.309471
2023-01-13 02-00-00,317841.0,340945.0,341089.0,316000.0,283.500477
2023-01-14 02-00-00,340905.0,354801.0,360063.0,340000.0,358.632349
2023-01-15 02-00-00,354992.0,355998.0,358000.0,350026.0,102.237513
2023-01-16 02-00-00,355931.0,366161.0,369516.0,355000.0,252.921359
2023-01-17 02-00-00,366318.0,365501.0,373014.0,361740.0,219.037633
2023-01-18 02-00-00,365501.0,356478.0,370350.0,352477.0,281.442182
2023-01-19 02-00-00,356853.0,363901.0,365194.0,356853.0,146.208964
2023-01-20 02-00-00,363630.0,381147.0,383088.0,362800.0,256.4256
2023-01-21 02-00-00,380685.0,392393.0,400003.0,376805.0,252.646821
2023-01-22 02-00-00,392843.0,389414.0,395913.0,380111.0,139.599928
2023-01-23 02-00-00,389382.0,394503.0,397500.0,387984.0,193.762752
2023-01-24 02-00-00,394218.0,394358.0,405000.0,393445.0,198.730078
2023-01-25 02-00-00,394422.0,396909.0,405333.0,387960.0,276.770233
2023-01-26 02-00-00,397004.0,397600.0,401300.0,395159.0,194.438913
2023-01-27 02-00-00,397499.0,399490.0,406253.0,392000.0,207.003781
2023-01-28 02-00-00,399350.0,400843.0,402000.0,399000.0,105.0817
2023-01-29 02-00-00,400748.0,411481.0,413552.0,400200.0,152.942264
2023-01-30 02-00-00,411324.0,398245.0,412250.0,395242.0,242.560898
2023-01-31 02-00-00,398299.0,405490.0,408954.0,397391.0,202.879128
2023-02-01 02-00-00,405376.0,406826.0,407461.0,396103.0,211.35285
2023-02-02 02-00-00,406892.0,405185.0,414000.0,404001.0,240.453903
2023-02-03 02-00-00,405582.0,412792.0,415800.0,404405.0,207.995042
2023-02-04 02-00-00,412606.0,411761.0,415277.0,410768.0,75.757264
2023-02-05 02-00-00,411800.0,405762.0,414429.0,403408.0,117.010539
2023-02-06 02-00-00,405614.0,404868.0,411194.0,400000.0,170.795158
2023-02-07 02-00-00,404760.0,409823.0,411800.0,404628.0,140.309003
2023-02-08 02-00-00,409598.0,409379.0,414000.0,405555.0,139.148595
2023-02-09 02-00-00,409901.0,390313.0,410300.0,387977.0,253.399646
2023-02-10 02-00-00,390204.0,389965.0,404000.0,388016.0,139.880299
2023-02-11 02-00-00,390022.0,393926.0,394218.0,389090.0,54.709172
2023-02-12 02-00-00,394068.0,394786.0,400751.0,392741.0,82.575886
2023-02-13 02-00-00,394473.0,391405.0,396382.0,385001.0,184.606155
2023-02-14 02-00-00,391143.0,400423.0,401452.0,388000.0,172.04189
2023-02-15 02-00-00,400294.0,440517.0,441829.0,398500.0,271.420672
2023-02-16 02-00-00,440161.0,431205.0,462431.0,431019.0,345.766403
2023-02-17 02-00-00,431163.0,447139.0,454526.0,429200.0,243.113013
2023-02-18 02-00-00,446918.0,448222.0,452000.0,446049.0,77.193027
2023-02-19 02-00-00,448222.0,442818.0,456500.0,441908.0,123.137916
2023-02-20 02-00-00,442522.0,452691.0,460000.0,435503.0,217.039903
2023-02-21 02-00-00,452825.0,448860.0,462874.0,444596.0,187.439591
2023-02-22 02-00-00,448976.0,443671.0,449497.0,432220.0,212.221002
2023-02-23 02-00-00,443078.0,440375.0,452000.0,437500.0,152.233524
2023-02-24 02-00-00,440441.0,431625.0,445757.0,426005.0,162.13642
2023-02-25 02-00-00,431190.0,431800.0,432866.0,426000.0,62.913461
2023-02-26 02-00-00,431054.0,438104.0,440897.0,430499.0,68.383468
2023-02-27 02-00-00,437577.0,435638.0,442703.0,430000.0,152.870103
2023-02-28 02-00-00,435608.0,427276.0,437215.0,426909.0,140.368526
2023-03-01 02-00-00,427895.0,432159.0,438800.0,426000.0,162.756685
2023-03-02 02-00-00,431767.0,430250.0,433500.0,425001.0,131.184898
2023-03-03 02-00-00,430317.0,409967.0,430623.0,404404.0,218.121148
2023-03-04 02-00-00,410027.0,413203.0,415761.0,409726.0,56.453823
2023-03-05 02-00-00,413219.0,414458.0,417999.0,410761.0,52.739062
2023-03-06 02-00-00,414456.0,416496.0,424495.0,410100.0,128.027283
2023-03-07 02-00-00,416240.0,420002.0,422000.0,412010.0,177.579116
2023-03-08 02-00-00,419519.0,407448.0,421124.0,406933.0,169.599179
2023-03-09 02-00-00,407951.0,383196.0,411650.0,373591.0,278.918478
2023-03-10 02-00-00,382968.0,375337.0,382968.0,364000.0,326.942356
2023-03-11 02-00-00,375154.0,381780.0,385847.0,372264.0,165.216562
2023-03-12 02-00-00,381713.0,407370.0,408011.0,379112.0,126.357213
2023-03-13 02-00-00,407364.0,443849.0,449992.0,378001.0,490.439249
2023-03-14 02-00-00,443893.0,453963.0,483263.0,421500.0,519.824267
2023-03-15 02-00-00,453970.0,454587.0,469000.0,442000.0,322.61937
2023-03-16 02-00-00,454722.0,466697.0,469500.0,452070.0,243.942637
2023-03-17 02-00-00,466146.0,512467.0,519237.0,460000.0,426.188498
2023-03-18 02-00-00,512504.0,505478.0,518900.0,503879.0,197.343732
2023-03-19 02-00-00,506093.0,522978.0,526635.0,500000.0,169.074872
2023-03-20 02-00-00,522988.0,521420.0,534599.0,510469.0,257.826486
2023-03-21 02-00-00,522177.0,525500.0,533984.0,515000.0,204.034985
2023-03-22 02-00-00,524381.0,508110.0,534510.0,500167.0,343.178049
2023-03-23 02-00-00,508039.0,521927.0,527272.0,503254.0,275.023339
2023-03-24 02-00-00,521476.0,510860.0,525000.0,504100.0,174.460416
2023-03-25 02-00-00,510781.0,511845.0,516861.0,506034.0,124.594873
2023-03-26 02-00-00,511841.0,517428.0,520000.0,510900.0,82.276519
2023-03-27 02-00-00,516736.0,506280.0,522123.0,500001.0,205.160885
2023-03-28 02-00-00,505985.0,503249.0,506668.0,493155.0,200.716592
2023-03-29 02-00-00,503097.0,523537.0,525249.0,502363.0,220.539728
2023-03-30 02-00-00,523401.0,516701.0,536113.0,510672.0,271.318842
2023-03-31 02-00-00,516521.0,519612.0,522102.0,506627.0,181.258199
2023-04-01 02-00-00,519364.0,521059.0,524989.0,517722.0,90.643256
2023-04-02 02-00-00,520897.0,517015.0,522000.0,511348.0,72.121307
2023-04-03 02-00-00,517050.0,509927.0,524500.0,501000.0,247.714098
2023-04-04 02-00-00,509888.0,518790.0,521499.0,507000.0,201.406393
2023-04-05 02-00-00,518319.0,519224.0,525783.0,515000.0,210.965916
2023-04-06 02-00-00,519225.0,521852.0,523900.0,515875.0,178.251941
2023-04-07 02-00-00,521514.0,518332.0,523133.0,518000.0,101.298608
2023-04-08 02-00-00,518569.0,520686.0,522850.0,518001.0,52.613149
2023-04-09 02-00-00,520401.0,527846.0,529762.0,518210.0,90.216452
2023-04-10 02-00-00,527496.0,553989.0,555855.0,525909.0,157.516686
2023-04-11 02-00-00,554424.0,564006.0,568300.0,553447.0,195.96577
2023-04-12 02-00-00,563999.0,560933.0,568760.0,557300.0,184.00287
2023-04-13 02-00-00,560936.0,559562.0,564300.0,556534.0,143.983001
2023-04-14 02-00-00,558928.0,565574.0,574300.0,558443.0,206.357882
2023-04-15 02-00-00,566021.0,566438.0,570000.0,564000.0,62.524667
2023-04-16 02-00-00,566489.0,565737.0,568555.0,564568.0,48.62399
2023-04-17 02-00-00,565785.0,552524.0,565785.0,550000.0,175.761004
2023-04-18 02-00-00,552648.0,564000.0,569000.0,547805.0,165.419973
2023-04-19 02-00-00,563997.0,536595.0,564879.0,533355.0,235.536413
2023-04-20 02-00-00,536714.0,521968.0,541274.0,518000.0,229.067921
2023-04-21 02-00-00,521985.0,506000.0,525769.0,503974.0,208.022467
2023-04-22 02-00-00,505763.0,519141.0,520123.0,503812.0,96.854339
2023-04-23 02-00-00,519125.0,514232.0,519125.0,510005.0,65.769537
2023-04-24 02-00-00,514045.0,514252.0,521466.0,506009.0,181.236712
2023-04-25 02-00-00,514020.0,531234.0,533369.0,510931.0,181.766493
2023-04-26 02-00-00,531210.0,535106.0,567000.0,514569.0,300.668736
2023-04-27 02-00-00,535500.0,552887.0,559613.0,534346.0,170.306838
2023-04-28 02-00-00,552732.0,551004.0,557154.0,543504.0,130.177995
2023-04-29 02-00-00,550630.0,553469.0,556000.0,549300.0,78.708496
2023-04-30 02-00-00,553371.0,553001.0,565712.0,550472.0,92.507427
2023-05-01 02-00-00,553274.0,534513.0,555610.0,526310.0,132.755478
2023-05-02 02-00-00,534036.0,544473.0,548914.0,528339.0,149.571175
2023-05-03 02-00-00,544474.0,544500.0,548000.0,530125.0,225.609111
2023-05-04 02-00-00,544498.0,541422.0,549848.0,538241.0,139.098185
2023-05-05 02-00-00,541487.0,552958.0,558000.0,541162.0,191.882827
2023-05-06 02-00-00,552987.0,544301.0,558279.0,536336.0,93.781538
2023-05-07 02-00-00,544587.0,536809.0,548901.0,536809.0,65.577834
2023-05-08 02-00-00,536832.0,521553.0,539659.0,515121.0,185.7133
2023-05-09 02-00-00,521441.0,526207.0,528704.0,518859.0,133.752116
2023-05-10 02-00-00,526168.0,530985.0,545250.0,520000.0,200.247728
2023-05-11 02-00-00,530631.0,527112.0,538505.0,523275.0,164.578924
2023-05-12 02-00-00,527031.0,523975.0,528788.0,508500.0,158.830732
2023-05-13 02-00-00,523995.0,524351.0,528000.0,522372.0,42.623877
2023-05-14 02-00-00,524502.0,524999.0,530175.0,520800.0,42.337397
2023-05-15 02-00-00,524997.0,525236.0,533949.0,522001.0,115.236363
2023-05-16 02-00-00,525188.0,521493.0,529206.0,520200.0,122.569671
2023-05-17 02-00-00,521759.0,531845.0,533215.0,517000.0,135.187312
2023-05-18 02-00-00,531999.0,523994.0,539286.0,517000.0,151.96201
2023-05-19 02-00-00,524056.0,527638.0,531031.0,522757.0,79.583847
2023-05-20 02-00-00,527656.0,531600.0,532392.0,526532.0,39.309779
2023-05-21 02-00-00,531600.0,525575.0,534555.0,524984.0,46.086822
2023-05-22 02-00-00,525277.0,522699.0,529503.0,520880.0,97.141169
2023-05-23 02-00-00,522699.0,528497.0,534111.0,521271.0,132.995748
2023-05-24 02-00-00,528313.0,514274.0,528755.0,509230.0,151.360134
2023-05-25 02-00-00,514201.0,527139.0,530000.0,506368.0,143.416883
2023-05-26 02-00-00,526873.0,529782.0,532811.0,523000.0,102.109219
2023-05-27 02-00-00,529828.0,531751.0,533000.0,528500.0,50.73974
2023-05-28 02-00-00,531789.0,550100.0,551999.0,530826.0,88.596042
2023-05-29 02-00-00,549850.0,551583.0,555555.0,544728.0,138.986665
2023-05-30 02-00-00,551837.0,552000.0,559000.0,549041.0,179.862845
2023-05-31 02-00-00,552000.0,540519.0,555000.0,536543.0,151.557902
2023-06-01 02-00-00,540675.0,532752.0,543000.0,530786.0,102.567884
2023-06-02 02-00-00,533115.0,537350.0,538980.0,528345.0,119.340622
2023-06-03 02-00-00,537351.0,536736.0,539999.0,534001.0,49.304354
2023-06-04 02-00-00,536524.0,536552.0,540000.0,534001.0,46.809897
2023-06-05 02-00-00,536414.0,504277.0,539555.0,500037.0,237.195062
2023-06-06 02-00-00,504248.0,529215.0,531394.0,498500.0,208.803358
2023-06-07 02-00-00,529442.0,512823.0,531300.0,509770.0,147.365164
2023-06-08 02-00-00,512779.0,511013.0,515801.0,506200.0,110.483155
2023-06-09 02-00-00,511011.0,507260.0,512560.0,505370.0,120.839822
2023-06-10 02-00-00,507265.0,499691.0,509975.0,491000.0,129.963485
2023-06-11 02-00-00,499221.0,500122.0,503900.0,495444.0,52.522206
2023-06-12 02-00-00,500937.0,489280.0,501983.0,487196.0,119.183078
2023-06-13 02-00-00,489448.0,492000.0,500000.0,487374.0,152.054677
2023-06-14 02-00-00,492376.0,472133.0,494478.0,467121.0,152.964789
2023-06-15 02-00-00,472151.0,479991.0,483500.0,466444.0,160.22339
2023-06-16 02-00-00,479979.0,492016.0,494301.0,472372.0,136.673671
2023-06-17 02-00-00,492214.0,497222.0,500549.0,488651.0,65.582967
2023-06-18 02-00-00,497533.0,494919.0,499994.0,494453.0,49.021527
2023-06-19 02-00-00,494936.0,504534.0,508051.0,490493.0,147.625388
2023-06-20 02-00-00,504231.0,534050.0,535000.0,501000.0,189.395505
2023-06-21 02-00-00,533780.0,560107.0,574998.0,532122.0,317.436776
2023-06-22 02-00-00,559611.0,564621.0,570908.0,558001.0,207.691482
2023-06-23 02-00-00,564556.0,584405.0,598888.0,563528.0,208.085557
2023-06-24 02-00-00,584970.0,585193.0,588500.0,580198.0,68.301771
2023-06-25 02-00-00,584726.0,583541.0,592643.0,580085.0,80.76943
2023-06-26 02-00-00,583404.0,574990.0,587699.0,570295.0,144.927024
2023-06-27 02-00-00,574937.0,580403.0,586500.0,571500.0,151.107644
2023-06-28 02-00-00,580123.0,572315.0,583500.0,570413.0,111.806144
2023-06-29 02-00-00,572135.0,582005.0,589919.0,572134.0,129.497944
